-1023
-1022
-1021
-1020
-1019
-1018
-1017
-1016
-1015
-1014
-1013
-1012
-1011
-1010
-1009
-1008
-1007
-1006
-1005
-1004
-1003
-1002
-1001
-1000
-999
-998
-997
-996
-995
-994
-993
-992
-991
-990
-989
-988
-987
-986
-985
-984
-982
-981
-980
-979
-978
-977
-976
-975
-974
-973
-972
-971
-970
-969
-968
-967
-966
-965
-964
-963
-962
-961
-960
-959
-958
-957
-956
-955
-954
-953
-952
-951
-950
-949
-948
-947
-946
-945
-944
-943
-942
-941
-940
-939
-938
-937
-936
-935
-934
-933
-932
-931
-930
-929
-928
-927
-926
-925
-924
-923
-922
-921
-920
-919
-918
-917
-916
-915
-914
-913
-912
-911
-908
-907
-906
-905
-904
-903
-902
-901
-900
-899
-898
-897
-896
-895
-894
-893
-892
-891
-890
-889
-888
-886
-885
-884
-883
-882
-881
-880
-879
-878
-877
-876
-875
-874
-873
-872
-871
-870
-869
-868
-867
-866
-865
-864
-863
-862
-861
-860
-859
-858
-856
-855
-854
-853
-852
-851
-850
-849
-848
-847
-846
-845
-844
-843
-842
-841
-840
-839
-838
-837
-836
-835
-834
-833
-832
-831
-830
-829
-828
-827
-826
-825
-824
-823
-822
-821
-820
-819
-818
-817
-816
-815
-814
-813
-812
-811
-810
-809
-808
-807
-806
-805
-804
-803
-802
-801
-800
-799
-798
-797
-796
-795
-794
-793
-792
-791
-790
-789
-788
-787
-785
-784
-783
-782
-781
-780
-779
-778
-777
-776
-775
-774
-773
-772
-771
-770
-769
-768
-767
-766
-765
-764
-763
-762
-761
-760
-759
-758
-757
-756
-755
-754
-753
-752
-751
-750
-749
-748
-747
-746
-745
-744
-743
-742
-741
-740
-739
-738
-737
-736
-735
-734
-733
-732
-731
-730
-729
-728
-727
-726
-725
-724
-723
-722
-721
-720
-719
-718
-717
-716
-715
-714
-713
-712
-711
-710
-709
-708
-707
-706
-705
-704
-703
-702
-701
-700
-699
-698
-697
-696
-695
-694
-693
-692
-691
-690
-689
-688
-687
-686
-685
-684
-683
-682
-681
-680
-679
-678
-677
-676
-675
-674
-673
-672
-671
-670
-669
-668
-667
-666
-665
-664
-663
-662
-661
-660
-659
-658
-657
-656
-655
-654
-653
-652
-651
-650
-649
-648
-647
-646
-645
-644
-643
-642
-641
-640
-639
-637
-636
-635
-634
-633
-632
-631
-630
-629
-628
-627
-626
-625
-624
-623
-622
-621
-620
-619
-618
-617
-616
-615
-614
-613
-612
-611
-610
-609
-608
-607
-606
-605
-604
-603
-602
-601
-600
-599
-598
-597
-596
-595
-594
-593
-592
-591
-590
-589
-588
-587
-586
-585
-584
-583
-582
-581
-580
-579
-578
-577
-576
-575
-574
-573
-572
-571
-570
-569
-568
-567
-566
-565
-564
-563
-562
-561
-560
-559
-558
-557
-556
-555
-554
-553
-552
-551
-550
-549
-548
-547
-546
-545
-544
-543
-542
-541
-540
-539
-538
-537
-536
-535
-534
-533
-532
-531
-530
-529
-528
-527
-526
-525
-524
-523
-522
-521
-520
-519
-518
-517
-516
-515
-514
-513
-512
-511
-507
-504
-503
-502
-501
-500
-494
-492
-491
-490
-488
-487
-486
-484
-481
-479
-477
-471
-467
-466
-465
-464
-463
-460
-458
-457
-456
-454
-452
-451
-450
-449
-448
-445
-444
-443
-441
-439
-438
-437
-436
-435
-434
-432
-431
-429
-428
-427
-426
-425
-423
-421
-419
-417
-415
-414
-413
-412
-411
-410
-409
-408
-407
-406
-402
-401
-399
-397
-396
-393
-390
-389
-382
-379
-378
-377
-375
-374
-371
-369
-368
-367
-366
-364
-362
-359
-358
-357
-356
-355
-351
-349
-348
-347
-346
-345
-344
-343
-342
-341
-335
-334
-333
-329
-327
-325
-320
-319
-315
-314
-313
-312
-310
-309
-308
-307
-306
-305
-304
-303
-298
-297
-294
-293
-292
-289
-287
-285
-280
-278
-277
-276
-274
-272
-271
-268
-264
-262
-261
-260
-259
-255
-253
-252
-251
-249
-248
-244
-242
-241
-238
-237
-236
-234
-233
-232
-230
-229
-228
-226
-225
-224
-223
-222
-221
-220
-219
-217
-216
-213
-212
-211
-208
-207
-201
-200
-198
-196
-189
-188
-187
-184
-182
-181
-175
-173
-172
-170
-169
-162
-161
-160
-156
-155
-154
-152
-149
-148
-144
-143
-142
-140
-139
-137
-134
-133
-131
-128
-127
-126
-124
-122
-121
-120
-117
-116
-113
-111
-108
-107
-105
-104
-103
-101
-100
-99
-97
-95
-92
-91
-90
-89
-88
-87
-86
-85
-84
-81
-80
-79
-77
-74
-72
-70
-69
-68
-66
-64
-63
-60
-59
-55
-54
-53
-52
-49
-48
-46
-45
-43
-42
-40
-38
-36
-35
-34
-33
-32
-30
-28
-27
-25
-23
-19
-18
-15
-13
-12
-11
-10
-9
-8
-6
0
2
3
5
9
11
14
15
17
18
19
20
21
23
24
26
27
28
30
33
34
35
39
40
41
43
48
49
51
53
54
57
58
59
61
62
63
65
67
69
72
74
76
80
81
82
84
85
87
88
89
90
91
92
93
94
97
98
99
100
101
103
104
105
106
107
108
111
112
114
115
116
117
118
120
122
126
127
128
130
134
135
136
138
139
141
143
145
148
150
151
152
158
160
162
163
164
165
168
169
172
175
176
177
178
180
183
184
186
188
189
191
192
197
199
200
201
202
204
206
207
208
210
211
212
214
215
216
217
218
219
220
221
224
225
229
232
233
236
237
238
239
243
244
247
248
250
251
252
253
254
255
256
257
259
260
261
262
263
264
265
267
268
271
272
274
276
277
283
284
285
287
289
292
295
299
303
305
307
308
311
312
313
314
315
318
319
320
321
323
326
328
329
331
332
334
335
336
337
339
346
347
348
349
350
351
357
358
359
362
364
365
369
370
372
373
374
375
377
378
379
381
388
389
393
396
397
399
401
402
403
404
407
409
410
411
412
414
415
417
418
419
424
426
427
428
429
430
431
432
433
436
437
439
446
448
451
453
457
458
459
461
462
463
467
471
473
474
475
476
479
482
483
486
487
493
495
499
500
501
502
505
509
512
514
516
517
518
519
520
522
526
527
530
532
533
535
536
537
538
539
540
541
542
544
549
551
553
554
557
562
563
565
566
567
571
574
575
577
578
579
580
582
583
586
590
591
592
593
594
596
597
598
599
600
601
602
604
606
607
608
611
612
616
619
624
628
629
630
631
633
634
636
637
638
641
642
646
648
650
651
654
655
656
657
658
659
660
662
663
665
666
667
668
669
671
680
681
684
685
688
691
692
693
694
696
699
700
705
707
709
710
711
715
718
721
723
725
727
728
729
732
734
735
737
738
741
743
744
745
749
753
754
755
756
757
759
760
761
763
764
765
767
770
775
777
778
781
782
783
785
786
787
788
790
794
796
799
801
802
803
804
808
810
811
812
817
818
819
821
822
824
825
826
827
828
829
830
831
832
833
834
835
837
838
840
841
842
843
845
847
850
851
852
853
858
860
862
864
869
870
872
876
877
878
879
880
882
883
884
886
888
892
893
894
895
897
898
900
901
903
904
905
907
908
910
912
914
916
917
918
920
921
922
923
925
926
928
929
930
932
933
934
935
936
937
939
940
941
942
943
944
947
948
949
950
951
952
954
955
956
958
959
960
961
962
964
965
966
967
968
969
971
972
973
975
976
977
979
980
981
983
986
988
990
991
992
993
994
995
997
998
999
1000
1001
1002
1003
1011
1013
1017
1020
