-1023
-1022
-1021
-1020
-1019
-1018
-1017
-1016
-1015
-1014
-1013
-1012
-1011
-1009
-1008
-1007
-1006
-1005
-1004
-1003
-1002
-1001
-1000
-999
-998
-997
-996
-995
-994
-992
-991
-990
-989
-988
-987
-986
-985
-984
-983
-982
-981
-980
-979
-978
-977
-976
-975
-974
-973
-972
-970
-969
-968
-967
-966
-965
-964
-963
-962
-961
-960
-959
-958
-957
-956
-955
-954
-953
-952
-951
-950
-949
-948
-947
-946
-945
-944
-943
-942
-941
-940
-939
-938
-937
-936
-935
-934
-933
-932
-931
-930
-929
-928
-927
-926
-925
-924
-923
-922
-921
-920
-919
-918
-917
-916
-915
-914
-913
-912
-911
-910
-909
-908
-907
-906
-905
-904
-903
-902
-901
-900
-899
-898
-897
-896
-895
-894
-893
-892
-891
-890
-889
-888
-886
-885
-884
-883
-882
-881
-880
-879
-878
-877
-876
-875
-874
-872
-871
-870
-869
-868
-867
-866
-865
-864
-863
-862
-861
-860
-859
-858
-857
-856
-855
-854
-853
-852
-851
-850
-849
-848
-846
-845
-844
-843
-842
-841
-840
-839
-838
-837
-836
-835
-834
-833
-832
-831
-830
-829
-828
-827
-826
-825
-824
-823
-822
-821
-820
-819
-818
-817
-816
-815
-814
-813
-812
-811
-810
-809
-808
-807
-806
-805
-804
-803
-802
-801
-800
-799
-798
-797
-796
-795
-794
-793
-792
-791
-790
-789
-788
-787
-786
-785
-784
-783
-782
-781
-780
-779
-778
-777
-776
-775
-774
-773
-772
-771
-770
-769
-768
-767
-766
-765
-764
-763
-762
-761
-760
-759
-758
-757
-756
-755
-754
-753
-752
-751
-750
-749
-748
-747
-746
-745
-744
-743
-742
-741
-740
-739
-738
-737
-736
-735
-734
-733
-732
-731
-730
-727
-726
-725
-724
-723
-722
-721
-720
-719
-718
-717
-716
-715
-714
-713
-712
-711
-710
-709
-708
-707
-706
-705
-704
-703
-702
-701
-700
-699
-698
-697
-696
-695
-694
-693
-692
-691
-690
-689
-688
-687
-686
-685
-684
-682
-681
-680
-679
-678
-677
-676
-675
-674
-673
-672
-671
-670
-669
-668
-667
-666
-665
-664
-663
-662
-661
-660
-659
-658
-657
-656
-655
-654
-653
-652
-651
-650
-649
-648
-647
-646
-645
-644
-643
-641
-640
-639
-638
-637
-636
-635
-634
-633
-632
-631
-630
-629
-628
-627
-626
-625
-624
-623
-622
-621
-620
-619
-618
-617
-616
-615
-614
-613
-612
-611
-610
-609
-608
-607
-606
-605
-604
-603
-602
-601
-600
-599
-598
-597
-596
-595
-594
-593
-592
-591
-590
-589
-588
-587
-586
-585
-584
-583
-582
-581
-580
-579
-578
-577
-576
-575
-574
-573
-572
-571
-570
-569
-568
-567
-566
-565
-564
-563
-562
-561
-560
-559
-558
-557
-556
-555
-554
-553
-552
-551
-550
-549
-548
-547
-546
-545
-544
-543
-542
-541
-540
-539
-538
-537
-536
-535
-534
-533
-532
-531
-530
-529
-528
-527
-526
-525
-524
-523
-522
-521
-520
-519
-518
-517
-516
-515
-514
-513
-512
-510
-507
-506
-505
-503
-502
-498
-497
-495
-493
-492
-491
-490
-489
-487
-486
-482
-480
-479
-473
-472
-471
-470
-467
-466
-465
-463
-462
-458
-453
-450
-449
-446
-443
-442
-441
-436
-434
-431
-430
-429
-428
-427
-424
-421
-419
-418
-417
-413
-409
-406
-403
-401
-398
-397
-396
-394
-391
-389
-388
-387
-385
-384
-383
-381
-380
-379
-378
-377
-375
-374
-373
-371
-369
-365
-364
-363
-359
-358
-354
-353
-351
-344
-343
-342
-341
-340
-338
-337
-336
-335
-332
-331
-327
-325
-323
-321
-320
-319
-316
-315
-310
-308
-305
-304
-303
-298
-295
-291
-290
-289
-286
-285
-284
-283
-280
-279
-277
-275
-274
-272
-271
-268
-266
-264
-263
-262
-261
-259
-258
-253
-252
-251
-248
-247
-246
-245
-244
-241
-237
-236
-234
-230
-228
-227
-223
-222
-218
-217
-216
-214
-213
-212
-211
-210
-207
-206
-203
-202
-201
-198
-195
-194
-193
-191
-190
-188
-185
-184
-181
-180
-179
-178
-175
-172
-171
-169
-165
-161
-160
-159
-158
-157
-154
-151
-150
-149
-147
-140
-139
-137
-133
-131
-129
-128
-127
-126
-119
-118
-114
-111
-109
-108
-105
-100
-99
-97
-95
-94
-93
-90
-89
-85
-84
-83
-82
-80
-79
-78
-76
-74
-73
-69
-68
-66
-64
-61
-58
-57
-56
-55
-53
-52
-49
-48
-47
-46
-45
-44
-43
-42
-41
-40
-36
-34
-32
-30
-29
-25
-22
-20
-19
-13
-12
-11
-10
-9
-8
-7
-5
-3
1
5
8
9
12
14
19
20
21
23
24
25
27
28
31
32
34
35
36
37
38
41
42
43
44
45
47
48
50
51
57
58
61
62
63
65
66
67
68
70
72
73
74
77
80
83
85
86
87
89
91
93
94
95
96
97
98
99
102
104
105
107
110
111
115
116
117
120
122
123
125
127
128
130
131
132
133
135
137
138
140
141
142
143
148
150
151
152
153
154
155
156
157
158
159
160
162
167
168
172
178
179
181
183
186
187
189
190
191
195
198
199
200
202
203
204
205
207
208
209
212
218
219
221
222
228
230
231
233
235
237
239
244
245
246
247
249
250
251
252
256
259
260
261
262
264
265
266
269
271
272
278
279
281
283
284
286
287
288
289
290
292
293
303
304
305
306
307
311
313
316
317
318
319
324
329
330
331
337
338
340
341
342
345
348
349
352
353
354
355
357
358
359
360
361
362
363
368
370
371
374
378
383
387
388
389
390
393
395
397
402
403
404
407
408
411
413
414
419
424
426
428
430
431
432
433
436
441
442
443
445
450
451
452
454
455
456
458
459
460
461
463
464
466
467
468
469
470
471
473
474
475
479
480
481
482
483
484
486
487
490
491
492
495
497
498
499
503
505
508
509
510
515
517
518
519
520
522
525
526
527
528
529
530
534
535
536
538
539
541
542
543
544
546
548
549
551
555
559
561
564
566
571
576
577
578
579
582
584
585
586
587
590
591
595
597
601
603
604
606
607
608
610
612
615
616
617
618
619
620
621
622
623
626
629
630
634
636
639
640
641
644
645
646
647
648
649
651
652
657
659
660
662
663
664
666
668
669
670
673
674
676
679
692
696
697
698
700
703
704
705
706
708
709
711
715
716
717
718
720
721
722
724
726
727
728
729
730
731
734
737
739
740
744
746
748
749
750
751
752
753
757
761
763
764
765
768
770
774
775
780
781
786
788
794
795
796
797
799
801
802
803
804
805
806
809
810
811
813
818
819
820
823
824
825
826
827
828
829
831
833
834
835
837
838
839
840
848
849
851
853
854
856
858
859
860
861
862
867
868
869
870
876
878
881
883
884
885
888
889
890
891
892
894
896
898
900
902
906
907
909
912
913
914
915
916
918
919
920
924
927
929
930
932
933
935
939
940
941
948
949
958
960
963
965
966
973
974
975
976
977
978
979
980
981
984
985
986
993
996
999
1002
1003
1004
1006
1008
1009
1011
1012
1013
1015
1017
1020
1021
1022
1023
